i i_chain xi yi zi rho_i a_i native_energy <decoy_energies> std(decoy_energies) f_i
    1     1   21.057   -2.380   17.882    0.002 V   -0.711   -0.764    0.310   -0.169
    2     1   16.138   -0.343   15.968    4.960 N    1.156   -0.338    1.765   -0.847
    3     1   15.714    3.709   19.684    3.929 P    2.836   -1.586    3.859   -1.146
    4     1   11.474    0.399   21.568    3.545 T   -0.583   -0.291    1.624    0.180
    5     1   10.012    6.026   21.289    4.557 V   -6.125   -1.199    3.746    1.315
    6     1    6.045    3.995   24.707    3.613 F   -3.361   -0.836    2.135    1.182
    7     1    2.591    7.516   22.045    1.986 F   -7.614   -3.400    3.297    1.278
    8     1    0.835    7.048   27.511    1.079 D   -0.366   -2.293    2.400   -0.803
    9     1   -3.073    7.348   23.022    2.251 I   -9.669   -3.363    4.011    1.572
   10     1   -5.229   10.837   27.022    1.026 A   -1.065   -1.831    1.431   -0.536
   11     1   -9.801    9.496   24.058    2.354 V   -3.995   -1.783    1.779    1.244
   12     1  -12.007   13.751   26.036    1.914 D   -0.079    0.176    0.614    0.415
   13     1   -7.995   13.221   28.922    0.113 G   -1.626   -2.206    0.616   -0.940
   14     1  -10.415    8.982   29.251    0.000 E    0.031   -0.854    0.874   -1.012
   15     1   -5.634    6.336   30.343    0.009 P   -1.274   -1.916    0.868   -0.739
   16     1   -6.811    5.437   24.663    1.972 L   -8.409   -3.253    3.133    1.646
   17     1   -3.557    2.802   25.928    0.975 G   -0.901   -1.465    2.251   -0.251
   18     1    1.011    2.038   25.908    0.436 R   -3.573   -2.387    1.108    1.071
   19     1    1.133    3.262   20.214    4.076 V   -9.869   -3.197    5.769    1.156
   20     1    6.039    0.528   21.780    3.875 S    0.508   -0.819    2.237   -0.593
   21     1    7.353    3.422   17.223    5.258 F   -8.382   -1.669    5.054    1.328
   22     1   10.820   -0.817   15.953    4.922 E    0.694   -0.239    1.864   -0.500
   23     1   13.054    4.514   15.633    5.154 L   -4.682   -0.478    3.835    1.096
   24     1   14.256    1.827   10.572    3.525 F   -4.237   -0.503    3.142    1.188
   25     1   18.476    4.031   14.473    1.996 A   -1.612   -1.320    1.122    0.260
   26     1   19.924   -0.210   11.193    0.985 D   -0.550   -1.586    1.155   -0.897
   27     1   17.303    1.830    7.247    1.974 K   -0.417   -2.415    2.177   -0.918
   28     1   16.082    6.607    8.087    3.503 V   -6.853   -1.719    4.093    1.254
   29     1   21.107    7.111   11.435    0.000 P    0.712   -1.565    1.635   -1.392
   30     1   19.572   11.952   10.010    0.998 K   -1.848   -1.171    1.211    0.559
   31     1   14.595   10.228    9.565    2.451 T   -2.325   -2.501    1.688   -0.104
   32     1   15.683    6.798   13.563    1.028 A   -2.836   -1.511    1.837    0.721
   33     1   18.532   10.773   15.731    0.000 E    1.477    0.023    2.350   -0.619
   34     1   14.420   13.942   14.083    2.044 N    0.988   -1.689    2.609   -1.026
   35     1   11.108   10.236   15.592    0.387 F   -8.710   -3.209    4.341    1.267
   36     1   14.840    8.831   19.243    3.450 R    1.430   -0.477    3.111   -0.613
   37     1   15.798   13.802   20.244    0.993 A   -0.946   -0.069    0.885    0.991
   38     1   10.598   14.869   19.039    1.117 L   -5.379   -3.391    2.179    0.912
   39     1    9.793   10.161   21.700    2.439 S   -0.734   -2.410    3.234   -0.518
   40     1   13.533   11.457   25.319    1.996 T   -2.034   -1.677    1.049    0.341
   41     1   12.009   15.703   25.266    0.000 G   -1.433   -0.885    1.764    0.310
   42     1   16.710   14.566   25.702    0.000 E   -0.437   -1.411    1.034   -0.941
   43     1   16.471   18.895   22.293    0.999 K    0.446   -1.811    1.790   -1.261
   44     1   13.825   20.826   25.782    0.000 G   -0.914   -1.054    0.459   -0.306
   45     1   10.833   21.494   22.327    0.019 F   -2.735   -1.501    0.929    1.328
   46     1    8.943   17.520   21.874    1.002 G   -2.010   -3.109    1.214   -0.905
   47     1    5.806   14.182   20.978    3.991 Y   -5.418   -2.245    4.795    0.662
   48     1    5.405   15.160   26.491    2.851 K    1.370   -1.722    2.782   -1.111
   49     1    1.165   16.933   25.526    2.164 G   -1.717   -2.512    1.827   -0.435
   50     1    1.862   17.378   20.796    2.057 S   -2.023   -2.916    1.371   -0.651
   51     1   -3.542   17.010   19.756    3.965 C   -4.932   -0.409    2.091    2.163
   52     1   -3.564   12.644   16.734    0.163 F   -6.429   -3.742    2.186    1.229
   53     1   -4.132   18.108   14.294    2.982 H   -0.186   -0.317    1.799   -0.072
   54     1   -5.030   15.285   10.309    0.985 R   -4.665   -3.709    1.106    0.865
   55     1   -7.644   10.650   12.954    4.470 I   -7.334   -1.780    4.170    1.332
   56     1   -8.236   10.195    7.098    1.108 I   -3.154   -2.655    0.694    0.719
   57     1  -11.483    5.953    9.485    1.996 P   -1.836   -2.218    0.901   -0.424
   58     1   -8.696    3.736    6.467    2.012 G   -1.425   -1.527    1.316   -0.078
   59     1   -6.227    7.305    5.024    1.434 F   -4.677   -2.875    1.096    1.644
   60     1   -2.635    8.377    7.773    2.943 M   -4.693   -1.649    3.091    0.985
   61     1   -3.228    8.439   13.183    3.233 C   -9.536   -2.481    4.915    1.436
   62     1   -1.441   13.380   10.529    1.423 Q   -0.344   -2.937    2.866   -0.905
   63     1    0.404   14.253   14.601    2.008 G   -1.254   -3.254    3.684   -0.543
   64     1    3.543   15.942   15.782    4.959 G   -1.097   -2.046    4.071   -0.233
   65     1    1.488   20.198   14.578    1.037 D   -1.265   -0.979    1.483    0.193
   66     1    4.643   19.893   19.747    2.768 F   -4.288   -1.529    2.227    1.239
   67     1    4.845   25.071   17.512    0.000 T   -1.818   -1.445    0.810    0.460
   68     1    0.569   25.761   15.039    0.000 R   -0.487   -0.023    0.584    0.795
   69     1   -2.405   22.373   18.292    1.987 H   -3.452   -1.942    1.007    1.499
   70     1   -3.988   23.357   13.466    1.000 N   -1.291   -0.903    0.559    0.694
   71     1   -0.728   20.900   10.922    1.889 G   -1.108   -1.452    0.744   -0.462
   72     1    0.190   25.585   10.281    0.000 T   -1.071   -0.680    0.645    0.605
   73     1    3.729   24.046   12.869    0.000 G   -1.307   -1.119    0.765    0.246
   74     1    6.370   21.880   14.439    1.839 G   -1.814   -1.761    0.673    0.079
   75     1   10.769   23.134   14.866    1.991 K    0.631   -1.149    1.544   -1.153
   76     1   13.588   18.800   12.884    2.800 S   -0.147   -0.616    1.809   -0.259
   77     1   16.378   17.706   17.180    3.110 I   -3.602   -0.720    1.923    1.498
   78     1   18.281   19.254   12.314    0.047 Y    2.657   -1.782    1.447   -3.067
   79     1   16.217   23.407   12.833    0.000 G   -0.289    0.006    0.702    0.420
   80     1   12.595   25.659   10.575    0.001 E   -0.377   -0.445    0.444   -0.153
   81     1   12.932   22.276    7.033    2.964 K    1.141   -0.362    0.838   -1.794
   82     1   16.326   18.147    8.498    1.151 F   -1.219   -2.041    0.996   -0.824
   83     1   17.721   16.895    3.567    0.162 E   -1.273   -1.244    0.470    0.062
   84     1   14.022   13.597    1.627    2.812 D    0.875   -1.059    1.859   -1.040
   85     1   17.354   10.739    5.602    3.961 E    1.138   -1.351    3.270   -0.761
   86     1   17.639    7.311    2.014    0.873 N   -0.862   -2.377    1.105   -1.372
   87     1   12.938    7.005   -0.730    0.439 F   -2.393   -2.628    0.610   -0.387
   88     1   16.086    2.531    2.090    1.000 I   -2.432   -1.145    1.035    1.243
   89     1   11.772    1.960    4.592    1.534 L   -3.933   -2.401    1.670    0.917
   90     1    8.140    0.812    0.344    1.572 K   -2.492   -2.565    0.891   -0.081
   91     1    3.955    3.446    2.365    5.676 H   -0.807   -0.470    3.073    0.109
   92     1    5.008   -2.467    3.322    0.640 T   -1.334   -1.679    0.611   -0.564
   93     1    0.797   -1.550    5.059    1.765 G   -1.867   -2.069    1.191   -0.170
   94     1   -1.898   -1.369    8.952    2.981 P    0.595   -2.176    2.847   -0.973
   95     1    1.644    0.420   11.204    4.039 G   -1.220   -1.566    3.202   -0.108
   96     1    4.299    2.162    7.552    2.181 I   -5.389   -2.300    2.265    1.364
   97     1    6.301    5.291   11.932    4.879 L   -8.727   -2.319    5.161    1.242
   98     1    5.699    7.747    6.712    3.682 S   -0.007   -2.951    5.488   -0.536
   99     1    8.718   12.371    7.629    2.366 M   -3.815   -1.833    2.658    0.746
  100     1    3.762   15.036    7.691    0.971 A   -1.731   -2.235    1.164   -0.433
  101     1    7.414   16.642    3.905    0.652 N   -1.538   -1.301    0.748    0.317
  102     1    5.136   21.471    3.162    0.000 A   -0.559   -0.596    0.216   -0.171
  103     1    7.626   19.476   -0.516    0.000 G   -0.555   -0.461    0.683    0.137
  104     1   11.811   18.102   -2.345    0.731 P   -2.016   -1.631    1.052    0.366
  105     1   14.697   18.990    1.274    1.187 N   -1.596   -0.872    0.544    1.331
  106     1    9.748   20.686    3.688    0.979 T   -0.808   -1.184    0.476   -0.790
  107     1   11.670   16.232    7.370    2.895 N    0.752   -0.465    2.133   -0.570
  108     1   10.063   18.905   10.674    3.165 G   -0.330   -0.677    2.375   -0.146
  109     1    8.123   17.846   14.795    5.044 S    0.254   -1.517    3.659   -0.484
  110     1    4.094   16.856   11.042    4.778 Q    1.346   -0.499    2.155   -0.856
  111     1    5.272   11.480   12.170    3.120 F   -7.557   -2.361    3.909    1.329
  112     1    1.002   10.185    9.102    2.183 F   -6.616   -3.869    2.321    1.184
  113     1    0.460    5.990   12.729    4.291 I  -10.995   -3.104    5.466    1.444
  114     1    0.343    3.923    7.177    5.432 C   -9.160   -1.484    4.824    1.591
  115     1   -4.716    2.941    9.636    5.114 T   -1.150   -1.947    4.614   -0.173
  116     1   -4.607    1.787    4.412    3.720 A   -1.734   -0.915    2.376    0.345
  117     1   -0.961   -0.787    1.574    1.058 K   -1.165   -1.304    0.424   -0.330
  118     1   -0.178    4.997    1.998    0.335 T   -2.331   -3.330    2.463   -0.406
  119     1    1.958    1.775   -2.810    1.005 E   -1.113   -0.618    0.564    0.878
  120     1    0.177    6.994   -4.020    0.000 W    0.231   -1.012    0.436   -2.853
  121     1    3.213    8.037    0.528    1.146 L   -2.676   -1.872    1.225    0.656
  122     1    6.740    4.518   -2.436    1.987 D   -1.809   -1.293    0.843    0.612
  123     1    9.647    8.038   -2.721    0.006 G   -1.321   -1.804    0.419   -1.154
  124     1    6.508   11.523   -1.876    0.000 K   -0.839   -1.855    1.240   -0.820
  125     1    6.314   10.374    2.935    2.458 H   -2.541   -2.057    1.894    0.255
  126     1   11.700    9.918    4.987    5.470 V   -3.785   -0.308    2.770    1.255
  127     1    9.203    4.589    5.476    3.526 V   -6.224   -1.870    3.889    1.120
  128     1   11.879    6.956    9.968    5.225 F   -9.969   -2.651    5.822    1.257
  129     1    9.685    3.184   11.858    4.000 G    0.036   -2.138    4.659   -0.467
  130     1    7.287   -0.565   11.890    4.162 K    2.135   -1.532    3.822   -0.960
  131     1    2.817    0.101   15.159    2.030 V   -7.434   -2.635    3.590    1.337
  132     1    7.018   -2.563   18.204    3.732 K    1.694   -0.925    2.126   -1.232
  133     1    3.506   -3.091   21.699    0.321 E   -1.855   -2.798    1.781   -0.529
  134     1   -0.373   -1.544   20.445    1.165 G   -0.850   -1.886    1.613   -0.642
  135     1   -1.308   -2.589   15.701    0.988 M   -3.755   -1.645    1.997    1.056
  136     1   -5.291   -3.300   19.520    0.000 N    0.180   -0.754    0.932   -1.002
  137     1   -3.599    1.567   21.222    4.230 I   -7.587   -2.019    4.070    1.368
  138     1   -2.878    2.555   15.822    3.228 V   -7.145   -2.026    3.921    1.305
  139     1   -7.376   -0.405   15.415    0.001 E    0.615   -0.613    0.734   -1.674
  140     1   -8.815    2.187   19.946    0.987 A   -3.490   -2.035    2.038    0.714
  141     1   -6.319    6.458   17.614    3.540 M   -8.507   -3.067    5.912    0.920
  142     1   -8.588    4.488   13.302    3.113 E    2.337   -1.571    3.635   -1.075
  143     1  -13.073    4.445   16.257    0.002 R   -2.037   -1.889    1.033    0.143
  144     1  -11.649    9.573   17.767    1.173 F   -3.597   -2.046    1.926    0.805
  145     1  -11.480   10.369   13.020    1.074 G   -3.197   -2.859    1.206    0.280
  146     1  -14.416   12.584   10.496    0.000 S   -1.203   -0.858    0.730    0.473
  147     1  -14.633   11.628    5.329    0.052 R   -1.756   -1.772    0.396   -0.040
  148     1  -13.040   16.477    6.359    0.000 N   -0.973   -0.487    0.600    0.810
  149     1   -9.717   14.375    9.195    2.965 G   -1.156   -0.829    2.306    0.142
  150     1  -12.459   17.320   11.939    0.000 K   -0.760   -1.196    0.594   -0.734
  151     1  -10.167   14.127   16.156    1.051 T   -2.000   -2.591    2.487   -0.238
  152     1  -15.543   12.959   17.086    0.000 S   -1.416   -1.891    0.742   -0.640
  153     1  -12.748   12.744   21.467    1.912 K   -0.462   -1.301    1.451   -0.578
  154     1   -8.981   16.513   22.557    1.975 K   -0.594   -1.831    0.921   -1.343
  155     1   -6.509   11.903   19.707    3.348 I   -8.037   -2.323    4.300    1.329
  156     1   -3.514   14.509   24.090    3.106 T   -0.230   -1.170    2.585   -0.364
  157     1    1.289   12.370   22.823    5.135 I   -6.502   -2.024    3.830    1.169
  158     1   -1.291   11.374   28.256    1.224 A   -1.456   -2.223    0.608   -1.261
  159     1    3.349    9.903   29.269    0.933 D   -2.050   -1.836    1.016    0.210
  160     1    5.947   10.269   24.429    5.006 C   -7.576   -1.171    3.334    1.921
  161     1    9.599    8.363   26.012    3.848 G   -0.482   -1.164    2.240   -0.304
  162     1   13.543    6.127   25.029    4.038 Q    0.289   -0.769    1.762   -0.600
  163     1   10.612    1.106   25.957    2.557 L   -1.640   -1.011    0.814    0.773
